This file contains all the Betti vectors (with rational coefficients) that occur, where the Betti numbers are listed from 0th to 9th. The last integer is the number of complexes realising this Betti vector. The complexes containing torsion are included (!) in this count, but they are also listed separately together with the torsion that occurs.





Betti vectors of regular 3-tournaments:

1 1 0 0 0 0 0 0 0 0 1

Betti vectors of regular 5-tournaments:

1 1 0 0 0 0 0 0 0 0 1

Betti vectors of regular 7-tournaments:

1 0 3 0 0 0 0 0 0 0 1
1 0 6 0 0 0 0 0 0 0 1
1 1 0 0 0 0 0 0 0 0 1

Betti vectors of regular 9-tournaments:

1 0 2 0 0 0 0 0 0 0 2
1 0 4 0 0 0 0 0 0 0 2
1 0 5 0 0 0 0 0 0 0 3
1 0 6 0 0 0 0 0 0 0 3
1 0 7 0 0 0 0 0 0 0 1
1 0 8 0 0 0 0 0 0 0 2
1 1 0 0 0 0 0 0 0 0 1
1 1 3 3 0 0 0 0 0 0 1

Betti vectors of regular 11-tournaments:

1 0 0 0 0 0 0 0 0 0 2
1 0 0 1 0 0 0 0 0 0 4
1 0 1 0 0 0 0 0 0 0 33
1 0 1 1 0 0 0 0 0 0 5
1 0 1 2 0 0 0 0 0 0 1
1 0 2 0 0 0 0 0 0 0 70
1 0 2 1 0 0 0 0 0 0 23
1 0 2 2 0 0 0 0 0 0 2
1 0 2 3 0 0 0 0 0 0 1
1 0 3 0 0 0 0 0 0 0 256
1 0 3 1 0 0 0 0 0 0 45
1 0 3 2 0 0 0 0 0 0 11
1 0 3 3 0 0 0 0 0 0 3
1 0 3 4 0 0 0 0 0 0 1
1 0 4 0 0 0 0 0 0 0 277
1 0 4 1 0 0 0 0 0 0 51
1 0 4 2 0 0 0 0 0 0 5
1 0 4 3 0 0 0 0 0 0 7
1 0 4 4 0 0 0 0 0 0 1
1 0 5 0 0 0 0 0 0 0 219
1 0 5 1 0 0 0 0 0 0 42
1 0 5 2 0 0 0 0 0 0 14
1 0 5 3 0 0 0 0 0 0 3
1 0 5 4 0 0 0 0 0 0 1
1 0 5 6 0 0 0 0 0 0 1
1 0 6 0 0 0 0 0 0 0 74
1 0 6 1 0 0 0 0 0 0 28
1 0 6 2 0 0 0 0 0 0 9
1 0 6 3 0 0 0 0 0 0 2
1 0 7 0 0 0 0 0 0 0 12
1 0 7 1 0 0 0 0 0 0 6
1 0 7 2 0 0 0 0 0 0 5
1 0 8 0 0 0 0 0 0 0 2
1 0 8 1 0 0 0 0 0 0 2
1 0 8 2 0 0 0 0 0 0 1
1 0 8 6 0 0 0 0 0 0 1
1 0 10 0 0 0 0 0 0 0 2
1 1 0 0 0 0 0 0 0 0 1

Betti vectors of regular 13-tournaments:

1 0 0 0 0 0 0 0 0 0 10088
1 0 0 0 1 0 0 0 0 0 10
1 0 0 1 0 0 0 0 0 0 33431
1 0 0 1 1 0 0 0 0 0 10
1 0 0 2 0 0 0 0 0 0 66321
1 0 0 2 1 0 0 0 0 0 1
1 0 0 3 0 0 0 0 0 0 97465
1 0 0 4 0 0 0 0 0 0 118046
1 0 0 5 0 0 0 0 0 0 120203
1 0 0 6 0 0 0 0 0 0 108926
1 0 0 7 0 0 0 0 0 0 86778
1 0 0 8 0 0 0 0 0 0 60961
1 0 0 9 0 0 0 0 0 0 38520
1 0 0 10 0 0 0 0 0 0 21275
1 0 0 11 0 0 0 0 0 0 10728
1 0 0 12 0 0 0 0 0 0 4850
1 0 0 13 0 0 0 0 0 0 2027
1 0 0 14 0 0 0 0 0 0 769
1 0 0 15 0 0 0 0 0 0 253
1 0 0 16 0 0 0 0 0 0 76
1 0 0 17 0 0 0 0 0 0 20
1 0 0 18 0 0 0 0 0 0 19
1 0 0 19 0 0 0 0 0 0 1
1 0 0 21 0 0 0 0 0 0 1
1 0 0 27 0 0 0 0 0 0 1
1 0 1 0 0 0 0 0 0 0 17657
1 0 1 0 1 0 0 0 0 0 25
1 0 1 0 2 0 0 0 0 0 1
1 0 1 1 0 0 0 0 0 0 43495
1 0 1 1 1 0 0 0 0 0 8
1 0 1 2 0 0 0 0 0 0 64379
1 0 1 3 0 0 0 0 0 0 71972
1 0 1 4 0 0 0 0 0 0 66714
1 0 1 5 0 0 0 0 0 0 52281
1 0 1 6 0 0 0 0 0 0 36684
1 0 1 7 0 0 0 0 0 0 22438
1 0 1 8 0 0 0 0 0 0 11735
1 0 1 9 0 0 0 0 0 0 5487
1 0 1 10 0 0 0 0 0 0 2290
1 0 1 11 0 0 0 0 0 0 860
1 0 1 12 0 0 0 0 0 0 240
1 0 1 13 0 0 0 0 0 0 66
1 0 1 14 0 0 0 0 0 0 6
1 0 1 16 0 0 0 0 0 0 1
1 0 2 0 0 0 0 0 0 0 16790
1 0 2 0 1 0 0 0 0 0 32
1 0 2 1 0 0 0 0 0 0 32417
1 0 2 1 1 0 0 0 0 0 6
1 0 2 2 0 0 0 0 0 0 39356
1 0 2 2 1 0 0 0 0 0 2
1 0 2 3 0 0 0 0 0 0 36701
1 0 2 4 0 0 0 0 0 0 27426
1 0 2 4 2 0 0 0 0 0 1
1 0 2 5 0 0 0 0 0 0 17838
1 0 2 6 0 0 0 0 0 0 10296
1 0 2 7 0 0 0 0 0 0 5147
1 0 2 8 0 0 0 0 0 0 2253
1 0 2 9 0 0 0 0 0 0 844
1 0 2 10 0 0 0 0 0 0 310
1 0 2 11 0 0 0 0 0 0 97
1 0 2 12 0 0 0 0 0 0 36
1 0 2 13 0 0 0 0 0 0 6
1 0 2 14 0 0 0 0 0 0 1
1 0 2 15 0 0 0 0 0 0 2
1 0 3 0 0 0 0 0 0 0 10748
1 0 3 0 1 0 0 0 0 0 11
1 0 3 1 0 0 0 0 0 0 17936
1 0 3 2 0 0 0 0 0 0 18433
1 0 3 2 1 0 0 0 0 0 4
1 0 3 3 0 0 0 0 0 0 15009
1 0 3 3 1 0 0 0 0 0 4
1 0 3 4 0 0 0 0 0 0 9991
1 0 3 4 1 0 0 0 0 0 10
1 0 3 5 0 0 0 0 0 0 5861
1 0 3 5 1 0 0 0 0 0 4
1 0 3 6 0 0 0 0 0 0 2799
1 0 3 7 0 0 0 0 0 0 1128
1 0 3 8 0 0 0 0 0 0 373
1 0 3 9 0 0 0 0 0 0 120
1 0 3 10 0 0 0 0 0 0 27
1 0 3 11 0 0 0 0 0 0 8
1 0 3 12 0 0 0 0 0 0 5
1 0 3 13 0 0 0 0 0 0 1
1 0 3 15 0 0 0 0 0 0 1
1 0 4 0 0 0 0 0 0 0 4916
1 0 4 0 1 0 0 0 0 0 14
1 0 4 0 2 0 0 0 0 0 1
1 0 4 1 0 0 0 0 0 0 7566
1 0 4 1 1 0 0 0 0 0 2
1 0 4 2 0 0 0 0 0 0 7206
1 0 4 3 0 0 0 0 0 0 5656
1 0 4 3 1 0 0 0 0 0 2
1 0 4 3 2 0 0 0 0 0 1
1 0 4 4 0 0 0 0 0 0 3240
1 0 4 4 1 0 0 0 0 0 4
1 0 4 5 0 0 0 0 0 0 1896
1 0 4 5 1 0 0 0 0 0 10
1 0 4 6 0 0 0 0 0 0 786
1 0 4 6 1 0 0 0 0 0 8
1 0 4 6 2 0 0 0 0 0 1
1 0 4 7 0 0 0 0 0 0 296
1 0 4 7 1 0 0 0 0 0 2
1 0 4 7 2 0 0 0 0 0 2
1 0 4 8 0 0 0 0 0 0 101
1 0 4 9 0 0 0 0 0 0 17
1 0 4 10 0 0 0 0 0 0 7
1 0 4 11 0 0 0 0 0 0 1
1 0 5 0 0 0 0 0 0 0 1574
1 0 5 0 1 0 0 0 0 0 6
1 0 5 1 0 0 0 0 0 0 2667
1 0 5 1 1 0 0 0 0 0 2
1 0 5 2 0 0 0 0 0 0 2598
1 0 5 3 0 0 0 0 0 0 1836
1 0 5 4 0 0 0 0 0 0 986
1 0 5 4 1 0 0 0 0 0 4
1 0 5 5 0 0 0 0 0 0 552
1 0 5 5 1 0 0 0 0 0 4
1 0 5 6 0 0 0 0 0 0 232
1 0 5 6 1 0 0 0 0 0 8
1 0 5 7 0 0 0 0 0 0 78
1 0 5 7 1 0 0 0 0 0 2
1 0 5 8 0 0 0 0 0 0 36
1 0 5 9 0 0 0 0 0 0 4
1 0 5 9 1 0 0 0 0 0 2
1 0 5 10 0 0 0 0 0 0 2
1 0 6 0 0 0 0 0 0 0 410
1 0 6 0 1 0 0 0 0 0 1
1 0 6 1 0 0 0 0 0 0 715
1 0 6 2 0 0 0 0 0 0 772
1 0 6 3 0 0 0 0 0 0 494
1 0 6 4 0 0 0 0 0 0 305
1 0 6 5 0 0 0 0 0 0 158
1 0 6 6 0 0 0 0 0 0 79
1 0 6 7 0 0 0 0 0 0 34
1 0 6 8 0 0 0 0 0 0 7
1 0 6 9 0 0 0 0 0 0 3
1 0 6 12 0 0 0 0 0 0 1
1 0 7 0 0 0 0 0 0 0 84
1 0 7 1 0 0 0 0 0 0 204
1 0 7 2 0 0 0 0 0 0 130
1 0 7 3 0 0 0 0 0 0 106
1 0 7 4 0 0 0 0 0 0 58
1 0 7 5 0 0 0 0 0 0 43
1 0 7 6 0 0 0 0 0 0 14
1 0 7 7 0 0 0 0 0 0 7
1 0 7 10 0 0 0 0 0 0 1
1 0 8 0 0 0 0 0 0 0 18
1 0 8 0 1 0 0 0 0 0 5
1 0 8 1 0 0 0 0 0 0 44
1 0 8 2 0 0 0 0 0 0 35
1 0 8 3 0 0 0 0 0 0 21
1 0 8 4 0 0 0 0 0 0 12
1 0 8 5 0 0 0 0 0 0 12
1 0 8 6 0 0 0 0 0 0 4
1 0 9 0 0 0 0 0 0 0 6
1 0 9 1 0 0 0 0 0 0 3
1 0 9 2 0 0 0 0 0 0 7
1 0 9 3 0 0 0 0 0 0 9
1 0 9 5 0 0 0 0 0 0 1
1 0 9 6 0 0 0 0 0 0 1
1 0 9 7 0 0 0 0 0 0 1
1 0 10 0 0 0 0 0 0 0 2
1 0 10 3 0 0 0 0 0 0 1
1 0 10 4 0 0 0 0 0 0 1
1 0 11 0 1 0 0 0 0 0 1
1 0 11 2 0 0 0 0 0 0 1
1 0 11 5 0 0 0 0 0 0 3
1 0 12 0 0 0 0 0 0 0 1
1 1 0 0 0 0 0 0 0 0 1

Among these, the complexes on 3, 5, 7 and 9 vertices contain no torsion. There are 2 complexes on 11 vertices with torsion and 141 complexes on 13 vertices with torsion. In all cases, the torsion comes as a single Z/2 summand in degree 2, so we only list their Betti vectors (again with multiplicity).

Betti vectors of regular 11-tournaments with torsion:

1 0 5 0 0 0 0 0 0 0 1
1 0 10 0 0 0 0 0 0 0 1

Betti vectors of regular 13-tournaments with torsion:

1 0 0 0 0 0 0 0 0 0 8
1 0 0 1 0 0 0 0 0 0 16
1 0 0 2 0 0 0 0 0 0 22
1 0 0 3 0 0 0 0 0 0 34
1 0 0 4 0 0 0 0 0 0 20
1 0 0 5 0 0 0 0 0 0 14
1 0 0 6 0 0 0 0 0 0 4
1 0 0 7 0 0 0 0 0 0 8
1 0 0 8 0 0 0 0 0 0 1
1 0 1 0 0 0 0 0 0 0 3
1 0 1 1 0 0 0 0 0 0 6
1 0 1 2 0 0 0 0 0 0 3
1 0 1 10 0 0 0 0 0 0 1
1 0 3 3 0 0 0 0 0 0 1





Betti vectors of doubly regular 3-tournaments:

1 1 0 0 0 0 0 0 0 0 1

Betti vectors of doubly regular 7-tournaments:

1 0 6 0 0 0 0 0 0 0 1

Betti vectors of doubly regular 11-tournaments:

1 0 10 0 0 0 0 0 0 0 1

Betti vectors of doubly regular 15-tournaments:

1 0 0 70 0 0 0 0 0 0 2

Betti vectors of doubly regular 19-tournaments:

1 0 0 135 0 0 0 0 0 0 1
1 0 0 154 1 0 0 0 0 0 1

Betti vectors of doubly regular 23-tournaments:

1 0 0 23 45 0 0 0 0 0 1
1 0 0 67 1 0 0 0 0 0 2
1 0 0 88 0 0 0 0 0 0 2
1 0 0 89 0 0 0 0 0 0 2
1 0 0 90 0 0 0 0 0 0 6
1 0 0 91 0 0 0 0 0 0 2
1 0 0 92 0 0 0 0 0 0 2
1 0 0 93 0 0 0 0 0 0 4
1 0 0 97 0 0 0 0 0 0 8
1 0 0 98 0 0 0 0 0 0 6
1 0 0 101 0 0 0 0 0 0 2

Betti vectors of doubly regular 27-tournaments:

1 0 0 0 125 0 0 0 0 0 2
1 0 0 0 150 0 0 0 0 0 2
1 0 0 0 158 0 0 0 0 0 1
1 0 0 0 160 0 0 0 0 0 2
1 0 0 0 196 0 0 0 0 0 4
1 0 0 0 200 0 0 0 0 0 3
1 0 0 0 204 0 0 0 0 0 2
1 0 0 0 205 0 0 0 0 0 2
1 0 0 0 206 0 0 0 0 0 4
1 0 0 0 208 0 0 0 0 0 4
1 0 0 0 209 0 0 0 0 0 8
1 0 0 0 210 0 0 0 0 0 4
1 0 0 0 211 0 0 0 0 0 4
1 0 0 0 212 0 0 0 0 0 5
1 0 0 0 213 0 0 0 0 0 4
1 0 0 0 214 0 0 0 0 0 6
1 0 0 0 215 0 0 0 0 0 2
1 0 0 0 216 0 0 0 0 0 2
1 0 0 0 217 0 0 0 0 0 10
1 0 0 0 218 0 0 0 0 0 6
1 0 0 0 219 0 0 0 0 0 8
1 0 0 0 220 0 0 0 0 0 2
1 0 0 0 221 0 0 0 0 0 4
1 0 0 0 222 0 0 0 0 0 10
1 0 0 0 223 0 0 0 0 0 2
1 0 0 0 224 0 0 0 0 0 9
1 0 0 0 225 0 0 0 0 0 8
1 0 0 0 226 0 0 0 0 0 6
1 0 0 0 227 0 0 0 0 0 5
1 0 0 0 228 0 0 0 0 0 7
1 0 0 0 229 0 0 0 0 0 8
1 0 0 0 230 0 0 0 0 0 4
1 0 0 0 231 0 0 0 0 0 10
1 0 0 0 232 0 0 0 0 0 9
1 0 0 0 233 0 0 0 0 0 8
1 0 0 0 234 0 0 0 0 0 4
1 0 0 0 235 0 0 0 0 0 2
1 0 0 0 236 0 0 0 0 0 12
1 0 0 0 237 0 0 0 0 0 8
1 0 0 0 238 0 0 0 0 0 14
1 0 0 0 239 0 0 0 0 0 5
1 0 0 0 240 0 0 0 0 0 6
1 0 0 0 241 0 0 0 0 0 13
1 0 0 0 242 0 0 0 0 0 12
1 0 0 0 243 0 0 0 0 0 14
1 0 0 0 244 0 0 0 0 0 6
1 0 0 0 245 0 0 0 0 0 9
1 0 0 0 246 0 0 0 0 0 6
1 0 0 0 247 0 0 0 0 0 8
1 0 0 0 248 0 0 0 0 0 13
1 0 0 0 249 0 0 0 0 0 11
1 0 0 0 250 0 0 0 0 0 12
1 0 0 0 251 0 0 0 0 0 11
1 0 0 0 252 0 0 0 0 0 15
1 0 0 0 253 0 0 0 0 0 8
1 0 0 0 254 0 0 0 0 0 14
1 0 0 0 255 0 0 0 0 0 4
1 0 0 0 256 0 0 0 0 0 10
1 0 0 0 257 0 0 0 0 0 12
1 0 0 0 258 0 0 0 0 0 8
1 0 0 0 259 0 0 0 0 0 9
1 0 0 0 260 0 0 0 0 0 13
1 0 0 0 261 0 0 0 0 0 16
1 0 0 0 262 0 0 0 0 0 14
1 0 0 0 263 0 0 0 0 0 18
1 0 0 0 264 0 0 0 0 0 13
1 0 0 0 265 0 0 0 0 0 12
1 0 0 0 266 0 0 0 0 0 22
1 0 0 0 267 0 0 0 0 0 6
1 0 0 0 268 0 0 0 0 0 6
1 0 0 0 269 0 0 0 0 0 8
1 0 0 0 270 0 0 0 0 0 18
1 0 0 0 271 0 0 0 0 0 2
1 0 0 0 272 0 0 0 0 0 12
1 0 0 0 273 0 0 0 0 0 10
1 0 0 0 274 0 0 0 0 0 4
1 0 0 0 275 0 0 0 0 0 2
1 0 0 0 276 0 0 0 0 0 2
1 0 0 0 277 0 0 0 0 0 4
1 0 0 0 278 0 0 0 0 0 12
1 0 0 0 280 0 0 0 0 0 12
1 0 0 0 281 0 0 0 0 0 6
1 0 0 0 282 0 0 0 0 0 3
1 0 0 0 283 0 0 0 0 0 6
1 0 0 0 284 0 0 0 0 0 10
1 0 0 0 286 0 0 0 0 0 2
1 0 0 0 287 0 0 0 0 0 6
1 0 0 0 289 0 0 0 0 0 2
1 0 0 0 290 0 0 0 0 0 4
1 0 0 0 291 0 0 0 0 0 4
1 0 0 0 292 0 0 0 0 0 2
1 0 0 0 293 0 0 0 0 0 10
1 0 0 0 294 0 0 0 0 0 2
1 0 0 0 295 0 0 0 0 0 4
1 0 0 0 296 0 0 0 0 0 2
1 0 0 0 297 0 0 0 0 0 4
1 0 0 0 303 0 0 0 0 0 2
1 0 0 0 304 0 0 0 0 0 2
1 0 0 0 305 0 0 0 0 0 2
1 0 0 0 307 0 0 0 0 0 2
1 0 0 0 311 0 0 0 0 0 3
1 0 0 0 323 0 0 0 0 0 4
1 0 0 0 326 0 0 0 0 0 2
1 0 0 0 329 0 0 0 0 0 2
1 0 0 0 338 0 0 0 0 0 1
1 0 0 0 350 0 0 0 0 0 1
1 0 0 0 410 0 0 0 0 0 2
1 0 0 1 456 0 0 0 0 0 2
1 0 0 1 729 0 0 0 0 0 1

Among these, the complexes on 3, 7, 15 and 19 vertices contain no torsion. There is 1 complex on 11 vertices with torsion, 9 complexes on 23 vertices with torsion and 1 complex on 27 vertices with torsion. The complexes are partitioned into lists depending on the torsion subgroups occuring and the corresponding rational Betti vectors with multiplicity are listed. (Note that the complex on 11 vertices has already been listed among the regular tournaments, so we do not list it again.)

Betti vectors of doubly regular 23-tournaments with a Z/2 summand in degree 3:

1 0 0 88 0 0 0 0 0 0 2
1 0 0 91 0 0 0 0 0 0 2

Betti vectors of doubly regular 23-tournaments with two Z/2 summands in degree 3:

1 0 0 89 0 0 0 0 0 0 2

Betti vectors of doubly regular 23-tournaments with twelve Z/2 summands and ten Z/4 summands in degree 3:

1 0 0 67 1 0 0 0 0 0 2

Betti vectors of doubly regular 23-tournaments with a Z/23 summand in degree 3:

1 0 0 23 45 0 0 0 0 0 1

Betti vectors of doubly regular 27-tournaments with a Z/2 summand in degree 3:

1 0 0 1 729 0 0 0 0 0 1





Betti vectors of general 2-tournaments:

1 0 0 0 0 0 0 0 0 0 1

Betti vectors of general 3-tournaments:

1 0 0 0 0 0 0 0 0 0 1
1 1 0 0 0 0 0 0 0 0 1

Betti vectors of general 4-tournaments:

1 0 0 0 0 0 0 0 0 0 3
1 1 0 0 0 0 0 0 0 0 1

Betti vectors of general 5-tournaments:

1 0 0 0 0 0 0 0 0 0 8
1 1 0 0 0 0 0 0 0 0 3
1 1 1 0 0 0 0 0 0 0 1

Betti vectors of general 6-tournaments:

1 0 0 0 0 0 0 0 0 0 37
1 0 0 1 0 0 0 0 0 0 1
1 0 1 0 0 0 0 0 0 0 7
1 0 2 0 0 0 0 0 0 0 1
1 1 0 0 0 0 0 0 0 0 7
1 1 1 0 0 0 0 0 0 0 3

Betti vectors of general 7-tournaments:

1 0 0 0 0 0 0 0 0 0 260
1 0 0 1 0 0 0 0 0 0 11
1 0 1 0 0 0 0 0 0 0 111
1 0 2 0 0 0 0 0 0 0 32
1 0 3 0 0 0 0 0 0 0 9
1 0 4 0 0 0 0 0 0 0 1
1 0 6 0 0 0 0 0 0 0 1
1 1 0 0 0 0 0 0 0 0 21
1 1 1 0 0 0 0 0 0 0 8
1 1 1 1 0 0 0 0 0 0 1
1 1 2 1 0 0 0 0 0 0 1

Betti vectors of general 8-tournaments:

1 0 0 0 0 0 0 0 0 0 3103
1 0 0 1 0 0 0 0 0 0 329
1 0 0 1 1 0 0 0 0 0 2
1 0 0 2 0 0 0 0 0 0 2
1 0 1 0 0 0 0 0 0 0 1815
1 0 1 1 0 0 0 0 0 0 105
1 0 1 2 0 0 0 0 0 0 6
1 0 2 0 0 0 0 0 0 0 936
1 0 2 1 0 0 0 0 0 0 24
1 0 2 2 0 0 0 0 0 0 2
1 0 3 0 0 0 0 0 0 0 311
1 0 4 0 0 0 0 0 0 0 97
1 0 5 0 0 0 0 0 0 0 22
1 0 6 0 0 0 0 0 0 0 7
1 1 0 0 0 0 0 0 0 0 78
1 1 0 0 1 0 0 0 0 0 1
1 1 0 1 0 0 0 0 0 0 7
1 1 0 2 0 0 0 0 0 0 1
1 1 1 0 0 0 0 0 0 0 24
1 1 1 1 0 0 0 0 0 0 5
1 1 2 1 0 0 0 0 0 0 3

Betti vectors of general 2-tournaments:

1 0 0 0 0 0 0 0 0 0 1

Betti vectors of general 3-tournaments:

1 0 0 0 0 0 0 0 0 0 1
1 1 0 0 0 0 0 0 0 0 1

Betti vectors of general 4-tournaments:

1 0 0 0 0 0 0 0 0 0 3
1 1 0 0 0 0 0 0 0 0 1

Betti vectors of general 5-tournaments:

1 0 0 0 0 0 0 0 0 0 8
1 1 0 0 0 0 0 0 0 0 3
1 1 1 0 0 0 0 0 0 0 1

Betti vectors of general 6-tournaments:

1 0 0 0 0 0 0 0 0 0 37
1 0 0 1 0 0 0 0 0 0 1
1 0 1 0 0 0 0 0 0 0 7
1 0 2 0 0 0 0 0 0 0 1
1 1 0 0 0 0 0 0 0 0 7
1 1 1 0 0 0 0 0 0 0 3

Betti vectors of general 7-tournaments:

1 0 0 0 0 0 0 0 0 0 260
1 0 0 1 0 0 0 0 0 0 11
1 0 1 0 0 0 0 0 0 0 111
1 0 2 0 0 0 0 0 0 0 32
1 0 3 0 0 0 0 0 0 0 9
1 0 4 0 0 0 0 0 0 0 1
1 0 6 0 0 0 0 0 0 0 1
1 1 0 0 0 0 0 0 0 0 21
1 1 1 0 0 0 0 0 0 0 8
1 1 1 1 0 0 0 0 0 0 1
1 1 2 1 0 0 0 0 0 0 1

Betti vectors of general 8-tournaments:

1 0 0 0 0 0 0 0 0 0 3103
1 0 0 1 0 0 0 0 0 0 329
1 0 0 1 1 0 0 0 0 0 2
1 0 0 2 0 0 0 0 0 0 2
1 0 1 0 0 0 0 0 0 0 1815
1 0 1 1 0 0 0 0 0 0 105
1 0 1 2 0 0 0 0 0 0 6
1 0 2 0 0 0 0 0 0 0 936
1 0 2 1 0 0 0 0 0 0 24
1 0 2 2 0 0 0 0 0 0 2
1 0 3 0 0 0 0 0 0 0 311
1 0 4 0 0 0 0 0 0 0 97
1 0 5 0 0 0 0 0 0 0 22
1 0 6 0 0 0 0 0 0 0 7
1 1 0 0 0 0 0 0 0 0 78
1 1 0 0 1 0 0 0 0 0 1
1 1 0 1 0 0 0 0 0 0 7
1 1 0 2 0 0 0 0 0 0 1
1 1 1 0 0 0 0 0 0 0 24
1 1 1 1 0 0 0 0 0 0 5
1 1 2 1 0 0 0 0 0 0 3

Betti vectors of general 9-tournaments:

1 0 0 0 0 0 0 0 0 0 66148
1 0 0 0 0 1 0 0 0 0 1
1 0 0 0 1 0 0 0 0 0 67
1 0 0 0 2 0 0 0 0 0 2
1 0 0 1 0 0 0 0 0 0 18573
1 0 0 1 1 0 0 0 0 0 81
1 0 0 2 0 0 0 0 0 0 1663
1 0 0 2 1 0 0 0 0 0 3
1 0 0 2 2 0 0 0 0 0 1
1 0 0 3 0 0 0 0 0 0 66
1 0 0 4 0 0 0 0 0 0 1
1 0 1 0 0 0 0 0 0 0 45489
1 0 1 0 1 0 0 0 0 0 2
1 0 1 1 0 0 0 0 0 0 8265
1 0 1 1 1 0 0 0 0 0 8
1 0 1 2 0 0 0 0 0 0 518
1 0 1 3 0 0 0 0 0 0 4
1 0 2 0 0 0 0 0 0 0 27275
1 0 2 1 0 0 0 0 0 0 3483
1 0 2 2 0 0 0 0 0 0 327
1 0 2 3 0 0 0 0 0 0 4
1 0 3 0 0 0 0 0 0 0 11571
1 0 3 1 0 0 0 0 0 0 1002
1 0 3 2 0 0 0 0 0 0 114
1 0 3 3 0 0 0 0 0 0 7
1 0 3 4 0 0 0 0 0 0 1
1 0 4 0 0 0 0 0 0 0 4331
1 0 4 1 0 0 0 0 0 0 214
1 0 4 2 0 0 0 0 0 0 10
1 0 4 3 0 0 0 0 0 0 5
1 0 5 0 0 0 0 0 0 0 1202
1 0 5 1 0 0 0 0 0 0 33
1 0 5 2 0 0 0 0 0 0 4
1 0 6 0 0 0 0 0 0 0 311
1 0 6 1 0 0 0 0 0 0 5
1 0 6 4 0 0 0 0 0 0 1
1 0 7 0 0 0 0 0 0 0 20
1 0 7 1 0 0 0 0 0 0 1
1 0 8 0 0 0 0 0 0 0 4
1 1 0 0 0 0 0 0 0 0 428
1 1 0 0 1 0 0 0 0 0 14
1 1 0 1 0 0 0 0 0 0 125
1 1 0 2 0 0 0 0 0 0 34
1 1 0 3 0 0 0 0 0 0 9
1 1 0 4 0 0 0 0 0 0 1
1 1 0 6 0 0 0 0 0 0 1
1 1 1 0 0 0 0 0 0 0 75
1 1 1 1 0 0 0 0 0 0 17
1 1 1 1 1 0 0 0 0 0 1
1 1 1 2 1 0 0 0 0 0 1
1 1 2 1 0 0 0 0 0 0 10
1 1 2 2 1 0 0 0 0 0 2
1 1 3 3 0 0 0 0 0 0 1

Betti vectors of general 10-tournaments:

1 0 0 0 0 0 0 0 0 0 2513743
1 0 0 0 0 1 0 0 0 0 59
1 0 0 0 1 0 0 0 0 0 9522
1 0 0 0 2 0 0 0 0 0 283
1 0 0 0 3 0 0 0 0 0 22
1 0 0 0 4 0 0 0 0 0 2
1 0 0 0 6 0 0 0 0 0 2
1 0 0 1 0 0 0 0 0 0 1478938
1 0 0 1 1 0 0 0 0 0 9792
1 0 0 1 1 1 0 0 0 0 2
1 0 0 1 2 0 0 0 0 0 180
1 0 0 1 2 1 0 0 0 0 3
1 0 0 1 3 0 0 0 0 0 6
1 0 0 2 0 0 0 0 0 0 397855
1 0 0 2 1 0 0 0 0 0 819
1 0 0 2 2 0 0 0 0 0 41
1 0 0 3 0 0 0 0 0 0 66403
1 0 0 3 1 0 0 0 0 0 20
1 0 0 4 0 0 0 0 0 0 7427
1 0 0 5 0 0 0 0 0 0 564
1 0 0 6 0 0 0 0 0 0 27
1 0 0 7 0 0 0 0 0 0 16
1 0 1 0 0 0 0 0 0 0 1758958
1 0 1 0 1 0 0 0 0 0 2521
1 0 1 0 2 0 0 0 0 0 60
1 0 1 0 3 0 0 0 0 0 2
1 0 1 1 0 0 0 0 0 0 803051
1 0 1 1 1 0 0 0 0 0 1769
1 0 1 1 2 0 0 0 0 0 16
1 0 1 2 0 0 0 0 0 0 186744
1 0 1 2 1 0 0 0 0 0 329
1 0 1 2 2 0 0 0 0 0 34
1 0 1 3 0 0 0 0 0 0 27224
1 0 1 3 1 0 0 0 0 0 22
1 0 1 3 2 0 0 0 0 0 4
1 0 1 4 0 0 0 0 0 0 2580
1 0 1 4 2 0 0 0 0 0 2
1 0 1 5 0 0 0 0 0 0 149
1 0 1 6 0 0 0 0 0 0 9
1 0 1 8 0 0 0 0 0 0 1
1 0 2 0 0 0 0 0 0 0 1058960
1 0 2 0 1 0 0 0 0 0 613
1 0 2 0 2 0 0 0 0 0 12
1 0 2 1 0 0 0 0 0 0 378432
1 0 2 1 1 0 0 0 0 0 425
1 0 2 2 0 0 0 0 0 0 80204
1 0 2 2 1 0 0 0 0 0 186
1 0 2 2 2 0 0 0 0 0 6
1 0 2 3 0 0 0 0 0 0 8675
1 0 2 3 1 0 0 0 0 0 30
1 0 2 4 0 0 0 0 0 0 499
1 0 2 4 1 0 0 0 0 0 3
1 0 2 4 2 0 0 0 0 0 2
1 0 2 5 0 0 0 0 0 0 17
1 0 3 0 0 0 0 0 0 0 472784
1 0 3 0 1 0 0 0 0 0 87
1 0 3 0 3 0 0 0 0 0 2
1 0 3 1 0 0 0 0 0 0 138376
1 0 3 1 1 0 0 0 0 0 56
1 0 3 2 0 0 0 0 0 0 28122
1 0 3 2 1 0 0 0 0 0 14
1 0 3 3 0 0 0 0 0 0 2866
1 0 3 4 0 0 0 0 0 0 103
1 0 3 5 0 0 0 0 0 0 6
1 0 3 6 0 0 0 0 0 0 2
1 0 4 0 0 0 0 0 0 0 170404
1 0 4 1 0 0 0 0 0 0 38355
1 0 4 1 1 0 0 0 0 0 4
1 0 4 2 0 0 0 0 0 0 8168
1 0 4 2 1 0 0 0 0 0 6
1 0 4 3 0 0 0 0 0 0 967
1 0 4 4 0 0 0 0 0 0 37
1 0 5 0 0 0 0 0 0 0 46126
1 0 5 0 1 0 0 0 0 0 2
1 0 5 1 0 0 0 0 0 0 8074
1 0 5 2 0 0 0 0 0 0 1590
1 0 5 3 0 0 0 0 0 0 263
1 0 5 4 0 0 0 0 0 0 44
1 0 6 0 0 0 0 0 0 0 8641
1 0 6 1 0 0 0 0 0 0 1168
1 0 6 2 0 0 0 0 0 0 138
1 0 6 3 0 0 0 0 0 0 34
1 0 6 4 0 0 0 0 0 0 23
1 0 7 0 0 0 0 0 0 0 706
1 0 7 1 0 0 0 0 0 0 103
1 0 7 2 0 0 0 0 0 0 4
1 0 8 0 0 0 0 0 0 0 52
1 0 9 0 0 0 0 0 0 0 1
1 1 0 0 0 0 0 0 0 0 4020
1 1 0 0 1 0 0 0 0 0 359
1 1 0 0 1 1 0 0 0 0 2
1 1 0 0 2 0 0 0 0 0 2
1 1 0 1 0 0 0 0 0 0 2058
1 1 0 1 1 0 0 0 0 0 105
1 1 0 1 2 0 0 0 0 0 6
1 1 0 2 0 0 0 0 0 0 1003
1 1 0 2 1 0 0 0 0 0 24
1 1 0 2 2 0 0 0 0 0 2
1 1 0 3 0 0 0 0 0 0 329
1 1 0 4 0 0 0 0 0 0 99
1 1 0 5 0 0 0 0 0 0 22
1 1 0 6 0 0 0 0 0 0 9
1 1 1 0 0 0 0 0 0 0 284
1 1 1 0 0 1 0 0 0 0 1
1 1 1 0 1 0 0 0 0 0 7
1 1 1 0 1 1 0 0 0 0 2
1 1 1 0 2 0 0 0 0 0 1
1 1 1 1 0 0 0 0 0 0 57
1 1 1 1 1 0 0 0 0 0 21
1 1 1 2 1 0 0 0 0 0 5
1 1 1 2 2 0 0 0 0 0 2
1 1 2 1 0 0 0 0 0 0 32
1 1 2 2 1 0 0 0 0 0 10
1 1 3 3 0 0 0 0 0 0 1

None of these contain torsion.
